1 by 1 Matrix:

|5.0|

Determinant: 5.0


2 by 2 Matrix:

|2.0	3.0|
|5.0	9.0|

Determinant: 3.0


3 by 3 Matrix:

|3.0	-2.0	4.0|
|-1.0	5.0	2.0|
|-3.0	6.0	4.0|

Determinant: 64.0


4 by 4 Matrix:

|2.0	4.0	5.0	6.0|
|0.0	3.0	6.0	9.0|
|0.0	0.0	9.0	8.0|
|0.0	0.0	0.0	5.0|

Determinant: 270.0


4 by 4 Matrix:

|2.0	4.0	5.0	6.0|
|0.0	0.0	0.0	0.0|
|0.0	0.0	9.0	8.0|
|0.0	0.0	0.0	5.0|

Determinant: 0.0


4 by 4 Matrix:

|2.0	0.0	0.0	0.0|
|0.0	3.0	0.0	0.0|
|0.0	0.0	9.0	0.0|
|0.0	0.0	0.0	5.0|

Determinant: 270.0


4 by 4 Matrix:

|2.0	4.0	0.0	6.0|
|1.0	3.0	0.0	0.0|
|4.0	0.0	0.0	8.0|
|2.0	5.0	0.0	5.0|

Determinant: 0.0


6 by 6 Matrix:

|6.0	4.0	6.0	4.0	6.0	4.0|
|1.0	2.0	3.0	4.0	5.0	6.0|
|6.0	5.0	4.0	3.0	2.0	1.0|
|3.0	2.0	3.0	2.0	3.0	2.0|
|4.0	6.0	4.0	6.0	4.0	6.0|
|1.0	1.0	1.0	1.0	1.0	1.0|

Determinant: 0.0


