5 15 11 41 31 12 44 33 22 43 21 23 45 12 15 12 77 86
36 43 123 55 64 7 4 23 45 67 43 12 23 45 6 7 75 211 23
5 15 11 41 31 12 44 33 22 43 21 23 45 12 15 12 77 86
36 43 123 55 64 7 4 23 45 67 43 12 23 45 6 7 75 211 23
5 15 11 41 31 12 44 33 22 43 21 23 45 12 15 12 77 86
36 43 123 55 64 7 4 23 45 67 43 12 23 45 6 7 75 211 23
5 15 11 41 31 12 44 33 22 43 21 23 45 12 15 12 77 86
36 43 123 55 64 7 4 23 45 67 43 12 23 45 6 7 75 211 23
5 15 11 41 31 12 44 33 22 43 21 23 45 12 15 12 77 86
36 43 123 55 64 7 4 23 45 67 43 12 23 45 6 7 75 211 23
5 15 11 41 31 12 44 33 22 43 21 23 45 12 15 12 77 86
36 43 123 55 64 7 4 23 45 67 43 12 23 45 6 7 75 211 23