2 by 2 Matrix:

|3.0	3.0|
|4.0	5.0|

Determinant:	3.0


4 by 4 Matrix:

|1.0	4.0	2.0	6.0|
|0.0	3.0	6.0	9.0|
|4.0	0.0	9.0	8.0|
|2.0	2.0	0.0	5.0|

Determinant:	321.0


4 by 4 Matrix:

|2.0	4.0	5.0	6.0|
|0.0	3.0	6.0	9.0|
|2.0	3.0	9.0	8.0|
|0.0	1.0	0.0	5.0|

Determinant:	132.0


4 by 4 Matrix:

|2.0	4.0	4.0	6.0|
|0.0	3.0	3.0	9.0|
|0.0	2.0	9.0	8.0|
|10.0	0.0	0.0	5.0|

Determinant:	1470.0


4 by 4 Matrix:

|2.0	4.0	5.0	6.0|
|0.0	5.0	6.0	9.0|
|0.0	0.0	9.0	8.0|
|0.0	0.0	0.0	5.0|

Determinant:	450.0


4 by 4 Matrix:

|2.0	4.0	5.0	6.0|
|1.0	3.0	6.0	9.0|
|10.0	0.0	9.0	8.0|
|0.0	1.0	0.0	5.0|

Determinant:	578.0


4 by 4 Matrix:

|2.0	4.0	5.0	6.0|
|0.0	3.0	6.0	9.0|
|0.0	0.0	9.0	8.0|
|0.0	0.0	0.0	5.0|

Determinant:	270.0


